Agents,AggregationMethod,AnswerAgentIds,ArraySize,AverageIncludedAgents,AverageNormalizedL1Error,AverageRMSE,FinalExactMatch,FinalKey,FinalNormalizedL1Error,FinalRMSE,InitMode,MergeMode,Seed,SelectedPrimary,Task,Topology,TotalCompletionTokens,TotalDeterministicFallbacks,TotalMessages,TotalModelCalls,TotalPromptTokens,TotalRetryAttempts,TotalSteps,ValueMax,ValueMin,VoteAverageDisagreementRMSE,VoteNormalizedL1Error,VoteRMSE,VoteTopRatio
8,vote,[7],1024,8,0.05078125,20.149441679609886,False,"FREQ_JSON:{""0"":94,""1"":94,""2"":105,""3"":100,""4"":97,""5"":89,""6"":102,""7"":103,""8"":100,""9"":101}",0.0498046875,20.024984394500787,llm_local_solve,llm_full_merge,102,vote,count_frequency_protocol,mesh_star,11054,0,63,17,30195,0,2,9,0,2.0,0.0498046875,20.024984394500787,1.0
